225.1.1.41 4001

7e 80 81 01 17 01 02 00 00 af 00 00 00 00 00 00 01 13 03 08 09 1e 01 ff 00 00 00 00 00 00 00 00 00 ff 00 00 00 00 00 00 00 00



广播 192.168.255.255 50152

过程数据：
7e ff ff ff ff ff 65 a8 c0 01 00 01 02 03 65 a8 c0 01 00 42 00 c1 80 80 00 01 20 0f 10 00 41 05 00 00 00 00 01 00 03 61 00 00 00 00 00 00 00 00 00 00 00 00 00 00 00 00 00 00 00 00 20 00 00 00 00 00 00 00 00 00 00 00 00 00 00 00 00 00 00 00 00 00 00 00 00 00 00

时间数据：
7e ff ff ff ff ff 65 a8 c0 01 00 01 01 02 65 a8 c0 0a 00 07 00 e0 07 09 01 10 1e 29

7e ff ff ff ff ff 65 a8 c0 01 00 01 01 02 65 a8 c0 0a 00 07 00 12 14 06 19 13 34 29