
tc1：

开右门
7e ff ff ff ff ff 65 a8 c0 01 00 01 01 01 01 a8 c0 01 00 25 00 C1 A1 00 04 09 62 09 0A 00 46 05 00 00 00 00 01 03 09 51 00 00 00 00 00 00 00 00 00 00 00 00 00 00 00 00 00 01 
关右门
7e ff ff ff ff ff 65 a8 c0 01 00 01 01 01  01 a8 c0 01 00 25 00 C1 89 00 04 09 62 09 0A 00 46 05 00 00 00 00 01 03 09 51 00 00 00 00 00 00 00 00 00 00 00 00 00 00 00 00 00 01 


开左门
7e ff ff ff ff ff 65 a8 c0 01 00 01 01 01  01 a8 c0 01 00 25 00 C1 91 00 04 09 62 09 0A 00 46 05 00 00 00 00 01 03 09 51 00 00 00 00 00 00 00 00 00 00 00 00 00 00 00 00 00 01 
关左门
7e ff ff ff ff ff 65 a8 c0 01 00 01 01 01  01 a8 c0 01 00 25 00 C1 85 00 04 09 62 09 0A 00 46 05 00 00 00 00 01 03 09 51 00 00 00 00 00 00 00 00 00 00 00 00 00 00 00 00 00 01 



tc2：

开右门
7e ff ff ff ff ff 65 a8 c0 01 00 01 02 02 01 a8 c0 01 00 25 00 C1 A1 00 04 09 62 09 0A 00 46 05 00 00 00 00 01 03 09 51 00 00 00 00 00 00 00 00 00 00 00 00 00 00 00 00 00 01 
关右门
7e ff ff ff ff ff 65 a8 c0 01 00 01 02 02 01 a8 c0 01 00 25 00 C1 89 00 04 09 62 09 0A 00 46 05 00 00 00 00 01 03 09 51 00 00 00 00 00 00 00 00 00 00 00 00 00 00 00 00 00 01 


开左门
7e ff ff ff ff ff 65 a8 c0 01 00 01 02 02 01 a8 c0 01 00 25 00 C1 91 00 04 09 62 09 0A 00 46 05 00 00 00 00 01 03 09 51 00 00 00 00 00 00 00 00 00 00 00 00 00 00 00 00 00 01 
关左门
7e ff ff ff ff ff 65 a8 c0 01 00 01 02 02 01 a8 c0 01 00 25 00 C1 85 00 04 09 62 09 0A 00 46 05 00 00 00 00 01 03 09 51 00 00 00 00 00 00 00 00 00 00 00 00 00 00 00 00 00 01 
